0,408
0,407
0,406
0,405
46,4
0,404
0,403
0,402
46,3
46,2
0,401
46,1
46,0
0,400
0,399
0,398
0,397
0,396
0,395
45,4
0,394
0,393
0,392
45,3
45,2
0,391
45,1
45,0
0,390
0,389
0,388
0,387
0,386
44,4
0,385
0,384
0,319
44,3
44,2
0,318
0,317
44,1
44,0
43,3
43,2
43,1
43,0
42,4
42,3
42,2
42,1
42,0
41,3
41,2
41,1
41,0
40,3
40,2
40,1
40,0
39,4
39,3
39,2
39,1
39,0
38,3
38,2
38,1
38,0
37,3
37,2
37,1
37,0
36,3
36,2
36,1
36,0
35,3
35,2
35,1
35,0
34,3
34,2
34,1
34,0
33,3
33,2
0,316
33,1
33,0
32,3
32,2
32,1
32,0
31,4
31,3
31,2
31,1
31,0
30,3
30,2
30,1
30,0
29,3
29,2
29,1
29,0
28,3
28,2
28,1
28,0
27,4
27,3
27,2
27,1
27,0
26,4
26,3
26,2
26,1
26,0
0,283
25,4
25,3
25,2
25,1
25,0
24,3
24,2
0,9
24,1
24,0
23,52
23,51
23,50
23,49
23,48
23,47
23,46
23,45
23,44
23,43
23,42
23,41
23,40
23,39
